15 4 40 6 7200
1 2324 3524 2 2914 4704 1180 3 60
3 66 1266 4 1106 3346 2080 2 60
5 3074 4274 6 3783 5692 1418 1 60
7 2820 4020 8 3664 5708 1688 1 60
9 804 2004 10 1522 3440 1436 1 60
11 2801 4529 12 3857 5057 1056 2 60
13 2843 4043 14 3486 5329 1286 1 60
15 1238 3062 16 2486 3686 1248 1 60
17 3409 4609 18 4491 6773 2164 1 60
19 2676 3876 20 3427 5378 1502 2 60
21 1359 3471 22 3183 4383 1824 2 60
23 5126 6738 24 5950 7150 824 2 60
25 3338 4538 26 3765 5392 854 1 60
27 1670 3632 28 3194 4394 1524 2 60
29 756 1956 30 1607 3658 1702 1 60
