0 957 1532 1496 1386 951 809 520 622 198 90 316 421 1420 1675 1060 1300 1149 802 1164 1068 1279 1608 1900 1796 1670 1566 1388 1293 1095 1017 909 801 701 625 562 643 730 796 901
957 0 1245 539 428 665 522 438 335 760 867 641 536 1133 1388 773 1014 862 156 207 110 321 650 1818 1714 1588 1484 1306 1211 1013 935 827 719 619 543 677 758 845 911 1016
1532 1245 0 1784 1674 580 723 1012 910 1334 1442 1215 1110 112 143 472 231 383 1090 1452 1356 1567 1895 2392 2288 2162 2058 1880 1785 1587 1509 1401 1293 1193 1117 1251 1332 1419 1485 1590
1496 539 1784 0 110 1204 1061 976 874 1298 1406 1180 1075 1672 1927 1312 1553 1401 694 332 428 217 111 2356 2252 2126 2022 1844 1749 1551 1473 1365 1257 1157 1081 1216 1297 1384 1450 1555
1386 428 1674 110 0 1093 950 866 764 1187 1296 1068 964 1561 1816 1201 1442 1290 583 221 317 107 222 2246 2142 2016 1912 1734 1639 1441 1363 1255 1147 1047 971 1105 1186 1273 1339 1444
951 665 580 1204 1093 0 142 431 329 753 861 634 530 468 723 108 349 198 509 871 775 986 1315 1811 1707 1581 1477 1299 1204 1006 928 820 712 612 536 671 752 839 905 1010
809 522 723 1061 950 142 0 289 187 611 719 492 387 611 866 251 491 340 366 729 633 843 1172 1669 1565 1439 1335 1157 1062 864 786 678 570 470 394 528 609 696 762 867
520 438 1012 976 866 431 289 0 102 322 429 203 98 900 1155 540 780 629 282 645 548 759 1088 1380 1276 1150 1046 868 773 575 497 389 281 181 105 239 320 407 473 578
622 335 910 874 764 329 187 102 0 424 532 305 200 798 1053 437 678 527 180 542 446 657 985 1482 1378 1252 1148 970 875 677 599 491 383 283 207 341 422 509 575 680
198 760 1334 1298 1187 753 611 322 424 0 108 119 223 1221 1476 861 1102 951 604 967 870 1081 1410 1702 1598 1472 1368 1190 1095 897 819 711 603 503 427 364 445 532 598 703
90 867 1442 1406 1296 861 719 429 532 108 0 226 331 1330 1585 969 1210 1059 712 1074 978 1189 1517 1809 1705 1579 1475 1297 1202 1004 926 818 710 610 534 472 553 640 706 811
316 641 1215 1180 1068 634 492 203 305 119 226 0 104 1102 1358 743 984 832 485 848 751 962 1291 1583 1479 1353 1249 1071 976 778 700 592 484 384 308 245 326 413 479 584
421 536 1110 1075 964 530 387 98 200 223 331 104 0 998 1253 638 879 727 380 743 646 857 1186 1478 1374 1248 1144 966 871 673 595 487 379 279 203 141 222 309 375 480
1420 1133 112 1672 1561 468 611 900 798 1221 1330 1102 998 0 255 360 119 270 977 1340 1243 1454 1783 2280 2176 2050 1946 1768 1673 1475 1397 1289 1181 1081 1005 1139 1220 1307 1373 1478
1675 1388 143 1927 1816 723 866 1155 1053 1476 1585 1358 1253 255 0 615 374 526 1232 1595 1499 1710 2038 2535 2431 2305 2201 2023 1928 1730 1652 1544 1436 1336 1260 1394 1475 1562 1628 1733
1060 773 472 1312 1201 108 251 540 437 861 969 743 638 360 615 0 240 89 617 980 883 1094 1423 1920 1816 1690 1586 1408 1313 1115 1037 929 821 721 645 779 860 947 1013 1118
1300 1014 231 1553 1442 349 491 780 678 1102 1210 984 879 119 374 240 0 152 858 1221 1125 1335 1664 2160 2056 1930 1826 1648 1553 1355 1277 1169 1061 961 885 1020 1101 1188 1254 1359
1149 862 383 1401 1290 198 340 629 527 951 1059 832 727 270 526 89 152 0 707 1069 973 1184 1512 2009 1905 1779 1675 1497 1402 1204 1126 1018 910 810 734 868 949 1036 1102 1207
802 156 1090 694 583 509 366 282 180 604 712 485 380 977 1232 617 858 707 0 362 266 477 805 1662 1558 1432 1328 1150 1055 857 779 671 563 463 387 521 602 689 755 860
1164 207 1452 332 221 871 729 645 542 967 1074 848 743 1340 1595 980 1221 1069 362 0 96 114 443 2025 1921 1795 1691 1513 1418 1220 1142 1034 926 826 750 884 965 1052 1118 1223
1068 110 1356 428 317 775 633 548 446 870 978 751 646 1243 1499 883 1125 973 266 96 0 211 539 1928 1824 1698 1594 1416 1321 1123 1045 937 829 729 653 787 868 955 1021 1126
1279 321 1567 217 107 986 843 759 657 1081 1189 962 857 1454 1710 1094 1335 1184 477 114 211 0 328 2139 2035 1909 1805 1627 1532 1334 1256 1148 1040 940 864 998 1079 1166 1232 1337
1608 650 1895 111 222 1315 1172 1088 985 1410 1517 1291 1186 1783 2038 1423 1664 1512 805 443 539 328 0 2468 2364 2238 2134 1956 1861 1663 1585 1477 1369 1269 1193 1327 1408 1495 1561 1666
1900 1818 2392 2356 2246 1811 1669 1380 1482 1702 1809 1583 1478 2280 2535 1920 2160 2009 1662 2025 1928 2139 2468 0 104 230 334 512 607 805 883 991 1099 1199 1275 1619 1700 1787 1853 1958
1796 1714 2288 2252 2142 1707 1565 1276 1378 1598 1705 1479 1374 2176 2431 1816 2056 1905 1558 1921 1824 2035 2364 104 0 126 230 408 503 701 779 887 995 1095 1171 1515 1596 1683 1749 1854
1670 1588 2162 2126 2016 1581 1439 1150 1252 1472 1579 1353 1248 2050 2305 1690 1930 1779 1432 1795 1698 1909 2238 230 126 0 104 282 377 575 653 761 869 969 1045 1389 1470 1557 1623 1728
1566 1484 2058 2022 1912 1477 1335 1046 1148 1368 1475 1249 1144 1946 2201 1586 1826 1675 1328 1691 1594 1805 2134 334 230 104 0 178 273 471 549 657 765 865 941 1285 1366 1453 1519 1624
1388 1306 1880 1844 1734 1299 1157 868 970 1190 1297 1071 966 1768 2023 1408 1648 1497 1150 1513 1416 1627 1956 512 408 282 178 0 95 293 371 479 587 687 763 1107 1188 1275 1341 1446
1293 1211 1785 1749 1639 1204 1062 773 875 1095 1202 976 871 1673 1928 1313 1553 1402 1055 1418 1321 1532 1861 607 503 377 273 95 0 198 276 384 492 592 668 1012 1093 1180 1246 1351
1095 1013 1587 1551 1441 1006 864 575 677 897 1004 778 673 1475 1730 1115 1355 1204 857 1220 1123 1334 1663 805 701 575 471 293 198 0 78 186 294 394 470 814 895 982 1048 1153
1017 935 1509 1473 1363 928 786 497 599 819 926 700 595 1397 1652 1037 1277 1126 779 1142 1045 1256 1585 883 779 653 549 371 276 78 0 108 216 316 392 736 817 904 970 1075
909 827 1401 1365 1255 820 678 389 491 711 818 592 487 1289 1544 929 1169 1018 671 1034 937 1148 1477 991 887 761 657 479 384 186 108 0 108 208 284 628 709 796 862 967
801 719 1293 1257 1147 712 570 281 383 603 710 484 379 1181 1436 821 1061 910 563 926 829 1040 1369 1099 995 869 765 587 492 294 216 108 0 100 176 520 601 688 754 859
701 619 1193 1157 1047 612 470 181 283 503 610 384 279 1081 1336 721 961 810 463 826 729 940 1269 1199 1095 969 865 687 592 394 316 208 100 0 76 420 501 588 654 759
625 543 1117 1081 971 536 394 105 207 427 534 308 203 1005 1260 645 885 734 387 750 653 864 1193 1275 1171 1045 941 763 668 470 392 284 176 76 0 344 425 512 578 683
562 677 1251 1216 1105 671 528 239 341 364 472 245 141 1139 1394 779 1020 868 521 884 787 998 1327 1619 1515 1389 1285 1107 1012 814 736 628 520 420 344 0 81 168 234 339
643 758 1332 1297 1186 752 609 320 422 445 553 326 222 1220 1475 860 1101 949 602 965 868 1079 1408 1700 1596 1470 1366 1188 1093 895 817 709 601 501 425 81 0 87 153 258
730 845 1419 1384 1273 839 696 407 509 532 640 413 309 1307 1562 947 1188 1036 689 1052 955 1166 1495 1787 1683 1557 1453 1275 1180 982 904 796 688 588 512 168 87 0 66 171
796 911 1485 1450 1339 905 762 473 575 598 706 479 375 1373 1628 1013 1254 1102 755 1118 1021 1232 1561 1853 1749 1623 1519 1341 1246 1048 970 862 754 654 578 234 153 66 0 105
901 1016 1590 1555 1444 1010 867 578 680 703 811 584 480 1478 1733 1118 1359 1207 860 1223 1126 1337 1666 1958 1854 1728 1624 1446 1351 1153 1075 967 859 759 683 339 258 171 105 0
