-1 1 10 1 10 10 10 6 5 6 5 11 11 11 11 -1 
0 3 21 4 31 31 22 13 11 14 12 23 36 47 24 0 
0 897 1520 2333 2877 2937 3376 3438 3852 4471 5039 5680 5899 6308 6648 7200 
-1 14 14 4 4 2 2 2 2 12 12 -1 
0 29 31 50 10 5 33 45 6 59 26 0 
0 848 1263 2173 2401 3180 3983 4186 4628 4898 5330 7200 
-1 4 4 7 7 7 7 0 0 0 9 0 12 12 9 8 8 -1 
0 9 31 15 33 33 16 1 33 45 19 2 25 59 20 41 18 0 
0 804 949 1683 2245 2305 2687 2833 3186 3389 3818 4119 4321 4615 5254 6058 6383 7200 
-1 13 13 13 14 14 13 3 8 3 8 -1 
0 27 32 32 32 30 28 7 17 8 31 0 
0 1670 2153 2213 2280 2586 3316 3956 4325 5171 5804 7200 
